cluster high,cluster low,cluster mean,cluster label,cluster stream,window high,window low,window mean,window label,window stream,is the cluster and the window deviated,is the cluster and the window matched,cluster labels that are merged together into a cluster,new clusters (labels),index
"[0.78808832 0.74247299 0.82467375 1.0101404  0.75548945 0.75297419
 0.77432956 0.70247334]","[0.27516169 0.02921246 0.39022345 0.16652371 0.12899564 0.2168884
 0.12676103 0.29752213]","[0.531625   0.38584273 0.6074486  0.58833206 0.44224255 0.48493129
 0.4505453  0.49999774]",4,6,"[0.72520141 0.80919063 0.45925581 0.83399938 0.33402277 0.58989114
 0.89932155 0.67999426]","[0.42782924 0.30985506 0.41112856 0.73645207 0.0479295  0.06851685
 0.03231688 0.11742917]","[0.57651532 0.55952285 0.43519219 0.78522572 0.19097614 0.329204
 0.46581921 0.39871171]",4,4,False,True,[],[],1221
