cluster high,cluster low,cluster mean,cluster label,cluster stream,window high,window low,window mean,window label,window stream,is the cluster and the window deviated,is the cluster and the window matched,cluster labels that are merged together into a cluster,new clusters (labels),index
"[0.56622857 0.65676199 0.994845   0.92448208 0.75319292 0.47751871
 0.27034816 0.98841557]","[0.09239654 0.40367942 0.21018694 0.00777655 0.08275976 0.09974599
 0.25569402 0.51787633]","[0.32931255 0.5302207  0.60251597 0.46612932 0.41797634 0.28863235
 0.26302109 0.75314595]",9,6,"[0.8205117  0.53328503 0.92348319 0.9181885  0.79323773 0.43103253
 0.31875186 0.98463099]","[0.22326982 0.07050291 0.12384639 0.7168694  0.05632139 0.14572056
 0.20100838 0.59422469]","[0.52189076 0.30189397 0.52366479 0.81752895 0.42477956 0.28837654
 0.25988012 0.78942784]",9,3,False,True,[],[],822
