cluster high,cluster low,cluster mean,cluster label,cluster stream,window high,window low,window mean,window label,window stream,is the cluster and the window deviated,is the cluster and the window matched,cluster labels that are merged together into a cluster,new clusters (labels),index
"[0.87343841 0.89137555 0.93870286 0.86706358 0.98864446 0.85201674
 0.69121274 0.9590402 ]","[0.07073678 0.16900787 0.1250451  0.23125078 0.03924312 0.30740936
 0.21621663 0.1984608 ]","[0.4720876  0.53019171 0.53187398 0.54915718 0.51394379 0.57971305
 0.45371469 0.5787505 ]",0,7,"[0.94954051 0.77759193 0.66892753 0.87146865 0.83744017 0.88907741
 0.73323357 0.18879536]","[0.93035702 0.60271615 0.52239682 0.17276088 0.3214363  0.37655092
 0.21276476 0.05779826]","[0.93994877 0.69015404 0.59566218 0.52211477 0.57943824 0.63281416
 0.47299916 0.12329681]",0,8,False,False,[],[],2659
