cluster high,cluster low,cluster mean,cluster label,cluster stream,window high,window low,window mean,window label,window stream,is the cluster and the window deviated,is the cluster and the window matched,cluster labels that are merged together into a cluster,new clusters (labels),index
"[0.87343841 0.89137555 0.93870286 0.86706358 0.98864446 0.85201674
 0.69121274 0.9590402 ]","[0.07073678 0.16900787 0.1250451  0.23125078 0.03924312 0.30740936
 0.21621663 0.1984608 ]","[0.4720876  0.53019171 0.53187398 0.54915718 0.51394379 0.57971305
 0.45371469 0.5787505 ]",0,7,"[0.96481883 0.99821492 0.44670124 0.70262046 0.93734542 0.97275648
 0.67641082 0.88825971]","[0.00251656 0.72367016 0.42411023 0.19544132 0.14193136 0.31654705
 0.31637426 0.13368995]","[0.4836677  0.86094254 0.43540573 0.44903089 0.53963839 0.64465176
 0.49639254 0.51097483]",0,6,False,True,[],[],1878
