cluster high,cluster low,cluster mean,cluster label,cluster stream,window high,window low,window mean,window label,window stream,is the cluster and the window deviated,is the cluster and the window matched,cluster labels that are merged together into a cluster,new clusters (labels)
"[0.87343841 0.89137555 0.93870286 0.86706358 0.98864446 0.85201674
 0.69121274 0.9590402 ]","[0.07073678 0.16900787 0.1250451  0.23125078 0.03924312 0.30740936
 0.21621663 0.1984608 ]","[0.4720876  0.53019171 0.53187398 0.54915718 0.51394379 0.57971305
 0.45371469 0.5787505 ]",0,7,"[0.9512591  0.72394168 0.4439794  0.20820933 0.9514867  0.94658101
 0.66699051 0.14330436]","[0.93946425 0.71747385 0.42601615 0.20498644 0.94655181 0.94373856
 0.64846724 0.13996849]","[0.94536167 0.72070777 0.43499777 0.20659789 0.94901925 0.94515978
 0.65772888 0.14163642]",0,6,False,False,[],[]
