cluster high,cluster low,cluster mean,cluster label,cluster stream,window high,window low,window mean,window label,window stream,is the cluster and the window deviated,is the cluster and the window matched,cluster labels that are merged together into a cluster,new clusters (labels),index
[1.0122673  0.58379785],[0.05551504 0.03820876],[0.53389117 0.3110033 ],0,9,[0.84611901 0.15075288],[0.69121187 0.04840431],[0.76866544 0.0995786 ],0,7,False,False,[],[],2135
