cluster high,cluster low,cluster mean,cluster label,cluster stream,window high,window low,window mean,window label,window stream,is the cluster and the window deviated,is the cluster and the window matched,cluster labels that are merged together into a cluster,new clusters (labels),index
"[0.74203507 0.81127306 0.75004757 0.9178811  0.30397055 0.77657185
 0.92404864 0.98071529]","[ 0.44237954  0.09254441 -0.00216424  0.61164959  0.09364305  0.03140837
  0.51687333  0.32502463]","[0.5922073  0.45190873 0.37394167 0.76476534 0.1988068  0.40399011
 0.72046099 0.65286996]",3,18,"[0.75709074 0.11561607 0.73212322 0.90414136 0.30380149 0.7608298
 0.90996662 0.98884686]","[0.53508819 0.07376207 0.10952799 0.71657057 0.10529651 0.04453938
 0.68333394 0.62158982]","[0.64608946 0.09468907 0.42082561 0.81035597 0.204549   0.40268459
 0.79665028 0.80521834]",3,6,False,True,[],[],1836
