cluster high,cluster low,cluster mean,cluster label,cluster stream,window high,window low,window mean,window label,window stream,is the cluster and the window deviated,is the cluster and the window matched,cluster labels that are merged together into a cluster,new clusters (labels),index
"[0.88387793 0.98863075 0.48670547 0.98973861 0.3033217  0.93858101
 0.98089873 0.91255113]","[ 0.32704576  0.35222353  0.23170976  0.20207603 -0.00570873  0.41758497
  0.36587224  0.02416606]","[0.60546184 0.67042714 0.35920761 0.59590732 0.14880648 0.67808299
 0.67338549 0.4683586 ]",3,8,"[0.85584286 0.85254018 0.09162839 0.61769827 0.15335037 0.65411271
 0.54761354 0.34448286]","[0.43311622 0.8155445  0.01782424 0.01435258 0.09066443 0.31149174
 0.21244615 0.24127982]","[0.64447954 0.83404234 0.05472631 0.31602543 0.1220074  0.48280222
 0.38002984 0.29288134]",3,5,False,False,[],[],1509
