cluster high,cluster low,cluster mean,cluster label,cluster stream,window high,window low,window mean,window label,window stream,is the cluster and the window deviated,is the cluster and the window matched,cluster labels that are merged together into a cluster,new clusters (labels)
"[0.88387793 0.98863075 0.48670547 0.98973861 0.3033217  0.93858101
 0.98089873 0.91255113]","[ 0.32704576  0.35222353  0.23170976  0.20207603 -0.00570873  0.41758497
  0.36587224  0.02416606]","[0.60546184 0.67042714 0.35920761 0.59590732 0.14880648 0.67808299
 0.67338549 0.4683586 ]",3,8,"[0.74757841 0.50956073 0.6724293  0.81442908 0.177365   0.81681893
 0.94031077 0.96140011]","[0.46630673 0.19794861 0.63503344 0.60961511 0.07155773 0.76936393
 0.83065923 0.51602585]","[0.60694257 0.35375467 0.65373137 0.7120221  0.12446137 0.79309143
 0.885485   0.73871298]",3,4,False,False,[],[]
