cluster high,cluster low,cluster mean,cluster label,cluster stream,window high,window low,window mean,window label,window stream,is the cluster and the window deviated,is the cluster and the window matched,cluster labels that are merged together into a cluster,new clusters (labels),index
"[0.52240909 0.86580598 0.8664244  0.87532525 1.00567041 0.90907365
 0.83927092 0.22338529]","[0.33594415 0.61470284 0.62990782 0.4607969  0.18382038 0.00965169
 0.28158439 0.19125021]","[0.42917662 0.74025441 0.74816611 0.66806107 0.59474539 0.45936267
 0.56042766 0.20731775]",6,3,"[0.83312125 0.71447528 0.77878858 0.40054055 0.83988249 0.97128216
 0.67552038 0.67640443]","[ 0.29705909 -0.00425434  0.42645948  0.36995424  0.57605455  0.28791962
  0.35967311  0.25020142]","[0.56509017 0.35511047 0.60262403 0.38524739 0.70796852 0.62960089
 0.51759675 0.46330292]",6,7,False,True,[],[],2073
