cluster high,cluster low,cluster mean,cluster label,cluster stream,window high,window low,window mean,window label,window stream,is the cluster and the window deviated,is the cluster and the window matched,cluster labels that are merged together into a cluster,new clusters (labels)
"[0.75385056 0.67680261 0.85272568 0.74800126 0.93693699 0.97201696
 0.9356973  0.98100999]","[0.21817627 0.41968801 0.18458594 0.14943978 0.05298192 0.05778818
 0.21326752 0.22506885]","[0.48601341 0.54824531 0.51865581 0.44872052 0.49495946 0.51490257
 0.57448241 0.60303942]",2,13,"[0.69080941 0.50937257 0.83214699 0.9160139  0.83564787 0.19241018
 0.73058324 0.09718704]","[0.68312186 0.50297579 0.82400343 0.91541928 0.82648599 0.18663929
 0.72167798 0.09561375]","[0.68696564 0.50617418 0.82807521 0.91571659 0.83106693 0.18952474
 0.72613061 0.0964004 ]",2,7,False,False,[],[]
