cluster high,cluster low,cluster mean,cluster label,cluster stream,window high,window low,window mean,window label,window stream,is the cluster and the window deviated,is the cluster and the window matched,cluster labels that are merged together into a cluster,new clusters (labels)
"[0.68243985 0.98478128 0.98616826 0.57071191 0.96959992 0.86444339
 0.9302428  0.6020557 ]","[0.07677626 0.38915672 0.17858505 0.35094041 0.00256671 0.13147166
 0.54038819 0.13932353]","[0.37960805 0.686969   0.58237665 0.46082616 0.48608332 0.49795753
 0.73531549 0.37068962]",1,22,"[0.73022424 0.98898833 0.14066391 0.56698595 0.45280401 0.27818826
 0.95057218 0.35279295]","[0.67040792 0.49377472 0.10250195 0.40252719 0.02178763 0.17767366
 0.57097421 0.14947412]","[0.70031608 0.74138153 0.12158293 0.48475657 0.23729582 0.22793096
 0.76077319 0.25113354]",1,8,False,False,[],[]
