cluster high,cluster low,cluster mean,cluster label,cluster stream,window high,window low,window mean,window label,window stream,is the cluster and the window deviated,is the cluster and the window matched,cluster labels that are merged together into a cluster,new clusters (labels)
[0.85715388 0.97202867],[0.32095226 0.43953486],[0.58905307 0.70578176],0,1,[0.65161436 0.7902029 ],[0.59100222 0.51250389],[0.62130829 0.6513534 ],1.0,3.0,False,True,[],[]
[0.38078076 0.10387155],[ 0.26533267 -0.00181455],[0.32305672 0.0510285 ],4,1,,,,,,,,,
