cluster high,cluster low,cluster mean,cluster label,cluster stream,window high,window low,window mean,window label,window stream,is the cluster and the window deviated,is the cluster and the window matched,cluster labels that are merged together into a cluster,new clusters (labels)
[0.21141032 0.06336096],[ 0.06671732 -0.02485242],[0.13906382 0.01925427],3,2,[0.30845327 0.39343518],[0.18865878 0.15776791],[0.24855602 0.27560155],2.0,4.0,True,False,[],[]
[0.31127104 1.0021419 ],[0.104407   0.21178588],[0.20783902 0.60696389],21,2,,,,,,,,,
