cluster high,cluster low,cluster mean,cluster label,cluster stream,window high,window low,window mean,window label,window stream,is the cluster and the window deviated,is the cluster and the window matched,cluster labels that are merged together into a cluster,new clusters (labels)
[0.97570959 0.37608566],[ 0.03322853 -0.00115675],[0.50446906 0.18746446],4,0,[0.88865123 0.68795469],[0.21818435 0.07602869],[0.55341779 0.38199169],0.0,5.0,False,True,[],[]
[0.98624672 0.95314632],[0.81751015 0.09896927],[0.90187844 0.52605779],5,0,,,,,,,,,
