cluster high,cluster low,cluster mean,cluster label,cluster stream,window high,window low,window mean,window label,window stream,is the cluster and the window deviated,is the cluster and the window matched,cluster labels that are merged together into a cluster,new clusters (labels)
[0.39029833 0.59833918],[0.21654772 0.49891637],[0.30342303 0.54862778],1,0,[0.98936785 0.87982316],[0.03007873 0.07913284],[0.50972329 0.479478  ],0.0,2.0,False,False,[],[]
[0.24717815 0.09366411],[ 0.11898573 -0.00115675],[0.18308194 0.04625368],4,0,,,,,,,,,
