cluster high,cluster low,cluster mean,cluster label,cluster stream,window high,window low,window mean,window label,window stream,is the cluster and the window deviated,is the cluster and the window matched,cluster labels that are merged together into a cluster,new clusters (labels),index
"[0.94411898 0.83404262 0.52100859 0.86092455 0.63099157 0.8258037
 0.51345048 0.95732338]","[0.3569195  0.35572811 0.00661348 0.07757021 0.49390193 0.70310281
 0.32711228 0.17684422]","[0.65051924 0.59488537 0.26381103 0.46924738 0.56244675 0.76445325
 0.42028138 0.5670838 ]",7,13,"[0.95003075 0.20796101 0.47000529 0.76851777 0.45728376 0.60578355
 0.58040803 0.36035576]","[0.9421538  0.19572854 0.45538009 0.76241221 0.44467058 0.59464679
 0.57369287 0.35751977]","[0.94609227 0.20184477 0.46269269 0.76546499 0.45097717 0.60021517
 0.57705045 0.35893777]",7,8,False,False,[],[],2487
