cluster high,cluster low,cluster mean,cluster label,cluster stream,window high,window low,window mean,window label,window stream,is the cluster and the window deviated,is the cluster and the window matched,cluster labels that are merged together into a cluster,new clusters (labels)
"[0.92832647 0.73343173 0.6003909  0.82337127 0.55447563 0.98748798
 0.50447114 1.00315746]","[0.21422745 0.46576169 0.01197581 0.0810084  0.52546826 0.64411611
 0.30581215 0.7593978 ]","[0.57127696 0.59959671 0.30618336 0.45218983 0.53997195 0.81580204
 0.40514164 0.88127763]",7,8,"[0.71783623 0.49209774 0.44462697 0.10851367 0.57790613 0.72148772
 0.51670484 0.98972444]","[0.27557165 0.41809797 0.00160377 0.07695034 0.56598332 0.69515302
 0.3412639  0.75135696]","[0.49670394 0.45509786 0.22311537 0.09273201 0.57194472 0.70832037
 0.42898437 0.8705407 ]",7,2,False,False,[],[]
