cluster high,cluster low,cluster mean,cluster label,cluster stream,window high,window low,window mean,window label,window stream,is the cluster and the window deviated,is the cluster and the window matched,cluster labels that are merged together into a cluster,new clusters (labels),index
"[0.99363651 0.6409042  0.79775317 0.84476681 0.85227074 0.95345824
 0.68751803 0.86132896]","[0.16273904 0.35814183 0.11380959 0.04908056 0.37065194 0.28250397
 0.42906611 0.15605097]","[0.57818777 0.49952302 0.45578138 0.44692368 0.61146134 0.61798111
 0.55829207 0.50868996]",8,5,"[0.50991885 0.61007985 0.72589654 0.76699666 0.92264897 0.80809489
 0.76377763 0.86202693]","[0.19061447 0.52244779 0.23396448 0.54725    0.42724149 0.67935441
 0.74560369 0.12951191]","[0.35026666 0.56626382 0.47993051 0.65712333 0.67494523 0.74372465
 0.75469066 0.49576942]",8,2,False,True,[],[],566
