cluster high,cluster low,cluster mean,cluster label,cluster stream,window high,window low,window mean,window label,window stream,is the cluster and the window deviated,is the cluster and the window matched,cluster labels that are merged together into a cluster,new clusters (labels)
"[0.99363651 0.6409042  0.79775317 0.84476681 0.85227074 0.95345824
 0.68751803 0.86132896]","[0.16273904 0.35814183 0.11380959 0.04908056 0.37065194 0.28250397
 0.42906611 0.15605097]","[0.57818777 0.49952302 0.45578138 0.44692368 0.61146134 0.61798111
 0.55829207 0.50868996]",8,5,"[0.47542647 0.56987677 0.25315667 0.73147637 0.4829572  0.89414506
 0.7872964  0.22418124]","[0.20209811 0.33012848 0.03965579 0.10511202 0.46274798 0.72280154
 0.38217659 0.09833749]","[0.33876229 0.45000262 0.14640623 0.4182942  0.47285259 0.8084733
 0.58473649 0.16125936]",8,3,False,False,[],[]
