cluster high,cluster low,cluster mean,cluster label,cluster stream,window high,window low,window mean,window label,window stream,is the cluster and the window deviated,is the cluster and the window matched,cluster labels that are merged together into a cluster,new clusters (labels)
"[0.99363651 0.6409042  0.79775317 0.84476681 0.85227074 0.95345824
 0.68751803 0.86132896]","[0.16273904 0.35814183 0.11380959 0.04908056 0.37065194 0.28250397
 0.42906611 0.15605097]","[0.57818777 0.49952302 0.45578138 0.44692368 0.61146134 0.61798111
 0.55829207 0.50868996]",8,5,"[0.52367439 0.63119414 0.78496945 0.48821187 0.87154537 0.74729746
 0.70206152 0.85385079]","[0.51666016 0.62844469 0.78361534 0.48512162 0.86131016 0.73672814
 0.69432878 0.84317067]","[0.52016727 0.62981942 0.7842924  0.48666674 0.86642776 0.7420128
 0.69819515 0.84851073]",8,1,False,False,[],[]
