version https://git-lfs.github.com/spec/v1
oid sha256:8107d3b429d2b25760d884cde7fb220fea48ac6912e21d977150a1f0c3c06931
size 36063
