cluster high,cluster low,cluster mean,cluster label,cluster stream,window high,window low,window mean,window label,window stream,is the cluster and the window deviated,is the cluster and the window matched,cluster labels that are merged together into a cluster,new clusters (labels),index
"[0.85706937 0.99139528 1.00633055 0.72245271 0.87681809 0.99812931
 0.96558423 0.73395133]","[0.01470159 0.16659154 0.35797763 0.04376716 0.45951693 0.31948634
 0.31425268 0.08013848]","[0.43588548 0.57899341 0.68215409 0.38310994 0.66816751 0.65880783
 0.63991845 0.40704491]",5,2,"[0.95688371 0.60158116 0.70227056 0.60840096 0.83965328 0.83626241
 0.71605058 0.28299516]","[0.11902316 0.40238156 0.66281083 0.53359944 0.05593197 0.53798574
 0.11516206 0.09054303]","[0.53795344 0.50198136 0.68254069 0.5710002  0.44779262 0.68712408
 0.41560632 0.18676909]",5,7,False,True,[],[],2165
