cluster high,cluster low,cluster mean,cluster label,cluster stream,window high,window low,window mean,window label,window stream,is the cluster and the window deviated,is the cluster and the window matched,cluster labels that are merged together into a cluster,new clusters (labels)
"[0.85706937 0.99139528 1.00633055 0.72245271 0.87681809 0.99812931
 0.96558423 0.73395133]","[0.01470159 0.16659154 0.35797763 0.04376716 0.45951693 0.31948634
 0.31425268 0.08013848]","[0.43588548 0.57899341 0.68215409 0.38310994 0.66816751 0.65880783
 0.63991845 0.40704491]",5,2,"[0.88514991 0.91720999 0.93364111 0.69086726 0.9262325  0.82171499
 0.41886519 0.48651937]","[0.67285601 0.50415873 0.89060392 0.55233413 0.69152912 0.48623146
 0.39554122 0.33571869]","[0.77900296 0.71068436 0.91212252 0.6216007  0.80888081 0.65397323
 0.40720321 0.41111903]",5,3,False,False,[],[]
