cluster high,cluster low,cluster mean,cluster label,cluster stream,window high,window low,window mean,window label,window stream,is the cluster and the window deviated,is the cluster and the window matched,cluster labels that are merged together into a cluster,new clusters (labels),index
"[0.73384245 0.93820765 0.48548686 0.91786105 0.89808507 0.94468048
 0.30855843 0.97647431]","[0.06088557 0.20790294 0.1018526  0.10524573 0.52933803 0.13750773
 0.12728075 0.02672169]","[0.39736401 0.5730553  0.29366973 0.51155339 0.71371155 0.5410941
 0.21791959 0.501598  ]",11,5,"[0.49689076 0.95083502 0.36250915 0.9124641  0.96314418 0.86824996
 0.40064639 0.98732344]","[0.20750394 0.39187886 0.0949418  0.08877791 0.5091949  0.1536323
 0.05811065 0.20802379]","[0.35219735 0.67135694 0.22872547 0.50062101 0.73616954 0.51094113
 0.22937852 0.59767361]",11,7,False,True,[],[],1274
