cluster high,cluster low,cluster mean,cluster label,cluster stream,window high,window low,window mean,window label,window stream,is the cluster and the window deviated,is the cluster and the window matched,cluster labels that are merged together into a cluster,new clusters (labels),index
"[0.83156606 0.97173577 0.44805115 0.49762605 0.85197503 0.96721815
 0.26182818 0.9209746 ]","[-0.00169683  0.58410364  0.11377309  0.11132957  0.5416613   0.12970698
  0.2354199   0.05672384]","[0.41493462 0.77791971 0.28091212 0.30447781 0.69681817 0.54846257
 0.24862404 0.48884922]",11,6,"[0.53846655 0.96487353 0.09973511 0.19113699 0.65614982 0.19731256
 0.38385206 0.93784697]","[0.51452579 0.94470414 0.09326512 0.18357457 0.64821228 0.18289579
 0.36150586 0.92674763]","[0.52649617 0.95478884 0.09650012 0.18735578 0.65218105 0.19010417
 0.37267896 0.9322973 ]",11,7,False,False,[],[],2048
