cluster high,cluster low,cluster mean,cluster label,cluster stream,window high,window low,window mean,window label,window stream,is the cluster and the window deviated,is the cluster and the window matched,cluster labels that are merged together into a cluster,new clusters (labels),index
"[0.50789704 0.56982466 0.55863278 0.79514111 0.77516537 0.9755897
 0.2853734  0.128305  ]","[0.45146479 0.07428834 0.45556646 0.10560874 0.5368559  0.34571784
 0.25697062 0.07505477]","[0.47968091 0.3220565  0.50709962 0.45037493 0.65601064 0.66065377
 0.27117201 0.10167988]",11,4,"[0.82339265 0.85206324 0.47304754 0.52094731 0.84364341 0.98953393
 0.26607449 0.90289249]","[0.45676286 0.55502498 0.10601568 0.11636972 0.5383923  0.33742698
 0.24628184 0.07504335]","[0.64007776 0.70354411 0.28953161 0.31865852 0.69101785 0.66348046
 0.25617816 0.48896792]",11,1,False,False,[],[],92
