cluster high,cluster low,cluster mean,cluster label,cluster stream,window high,window low,window mean,window label,window stream,is the cluster and the window deviated,is the cluster and the window matched,cluster labels that are merged together into a cluster,new clusters (labels)
"[0.30935651 0.61497175 0.65565046 0.31280275 0.64467306 0.96226491
 0.89356529 1.00254031]","[0.24440221 0.50122236 0.16845415 0.17974962 0.00204749 0.69967187
 0.20327487 0.7690147 ]","[0.27687936 0.55809705 0.41205231 0.24627618 0.32336028 0.83096839
 0.54842008 0.88577751]",2,5,"[0.7355172  0.63732215 0.84821674 0.79170979 0.65925969 0.93153498
 0.85903837 0.95427423]","[0.28377388 0.53837451 0.14960885 0.17026788 0.04277052 0.08883012
 0.21300188 0.14150708]","[0.50964554 0.58784833 0.4989128  0.48098884 0.3510151  0.51018255
 0.53602013 0.54789065]",2,2,False,False,[],[]
