cluster high,cluster low,cluster mean,cluster label,cluster stream,window high,window low,window mean,window label,window stream,is the cluster and the window deviated,is the cluster and the window matched,cluster labels that are merged together into a cluster,new clusters (labels),index
"[0.97476248 0.60360877 0.92337207 0.74953097 0.94657005 0.84278673
 0.81360309 0.98536003]","[0.19494459 0.14115446 0.24299253 0.11859127 0.18646811 0.13950879
 0.19367272 0.09722788]","[0.58485353 0.37238161 0.5831823  0.43406112 0.56651908 0.49114776
 0.5036379  0.54129396]",8,5,"[0.48227219 0.67662529 0.58788383 0.68884232 0.97156185 0.95416507
 0.92074658 0.90620462]","[0.22956257 0.56414809 0.2591458  0.63408526 0.5357807  0.809407
 0.86952496 0.05105445]","[0.35591738 0.62038669 0.42351482 0.66146379 0.75367128 0.88178603
 0.89513577 0.47862954]",8,5,False,False,[],[],971
